House Price Prediction - Advanced regression Assignment
------------------------------------------------------------------------------------------------------
The solution is divided into the following sections:

Data understanding and exploration
Data cleaning
Data preparation
Model building and evaluation
Observation and inference
# importing all the important
import numpy as np
import pandas as pd
pd.options.display.max_rows = 100
pd.options.display.max_columns = 100
import matplotlib.pyplot as plt
import seaborn as sns
from sklearn import linear_model
from sklearn.linear_model import LinearRegression
from sklearn.linear_model import Ridge
from sklearn.linear_model import Lasso
from sklearn.model_selection import GridSearchCV
from sklearn.preprocessing import PolynomialFeatures
from sklearn.linear_model import LinearRegression
from sklearn.pipeline import Pipeline
from sklearn import metrics
import os
​
# hide warnings
import warnings
warnings.filterwarnings('ignore')
​
# reading the dataset
data = pd.read_csv("train.csv", encoding = 'utf-8')
data.head()
---------------------------------------------------------------------------
FileNotFoundError                         Traceback (most recent call last)
Cell In[15], line 2
      1 # reading the dataset
----> 2 data = pd.read_csv("train.csv", encoding = 'utf-8')
      3 data.head()

File ~\anaconda3\Lib\site-packages\pandas\io\parsers\readers.py:912, in read_csv(filepath_or_buffer, sep, delimiter, header, names, index_col, usecols, dtype, engine, converters, true_values, false_values, skipinitialspace, skiprows, skipfooter, nrows, na_values, keep_default_na, na_filter, verbose, skip_blank_lines, parse_dates, infer_datetime_format, keep_date_col, date_parser, date_format, dayfirst, cache_dates, iterator, chunksize, compression, thousands, decimal, lineterminator, quotechar, quoting, doublequote, escapechar, comment, encoding, encoding_errors, dialect, on_bad_lines, delim_whitespace, low_memory, memory_map, float_precision, storage_options, dtype_backend)
    899 kwds_defaults = _refine_defaults_read(
    900     dialect,
    901     delimiter,
   (...)
    908     dtype_backend=dtype_backend,
    909 )
    910 kwds.update(kwds_defaults)
--> 912 return _read(filepath_or_buffer, kwds)

File ~\anaconda3\Lib\site-packages\pandas\io\parsers\readers.py:577, in _read(filepath_or_buffer, kwds)
    574 _validate_names(kwds.get("names", None))
    576 # Create the parser.
--> 577 parser = TextFileReader(filepath_or_buffer, **kwds)
    579 if chunksize or iterator:
    580     return parser

File ~\anaconda3\Lib\site-packages\pandas\io\parsers\readers.py:1407, in TextFileReader.__init__(self, f, engine, **kwds)
   1404     self.options["has_index_names"] = kwds["has_index_names"]
   1406 self.handles: IOHandles | None = None
-> 1407 self._engine = self._make_engine(f, self.engine)

File ~\anaconda3\Lib\site-packages\pandas\io\parsers\readers.py:1661, in TextFileReader._make_engine(self, f, engine)
   1659     if "b" not in mode:
   1660         mode += "b"
-> 1661 self.handles = get_handle(
   1662     f,
   1663     mode,
   1664     encoding=self.options.get("encoding", None),
   1665     compression=self.options.get("compression", None),
   1666     memory_map=self.options.get("memory_map", False),
   1667     is_text=is_text,
   1668     errors=self.options.get("encoding_errors", "strict"),
   1669     storage_options=self.options.get("storage_options", None),
   1670 )
   1671 assert self.handles is not None
   1672 f = self.handles.handle

File ~\anaconda3\Lib\site-packages\pandas\io\common.py:868, in get_handle(path_or_buf, mode, encoding, compression, memory_map, is_text, errors, storage_options)
    859         handle = open(
    860             handle,
    861             ioargs.mode,
   (...)
    864             newline="",
    865         )
    866     else:
    867         # Binary mode
--> 868         handle = open(handle, ioargs.mode)
    869     handles.append(handle)
    871 # Convert BytesIO or file objects passed with an encoding

FileNotFoundError: [Errno 2] No such file or directory: 'train.csv'

# Check the dimensions
data.shape
---------------------------------------------------------------------------
NameError                                 Traceback (most recent call last)
Cell In[16], line 2
      1 # Check the dimensions
----> 2 data.shape

NameError: name 'data' is not defined

# Check for column details
data.info()
# To get the description of the dataset
data.describe()
#checking duplicates
sum(data.duplicated(subset = 'Id')) == 0
# Checking for percentage nulls
round(100*(data.isnull().sum()/len(data.index)), 2)
Outlier Check
#Checking for outlier in the numerical columns
data.describe(percentiles=[.25,.5,.75,.90,.95,.99])
---------------------------------------------------------------------------
NameError                                 Traceback (most recent call last)
Cell In[3], line 2
      1 #Checking for outlier in the numerical columns
----> 2 data.describe(percentiles=[.25,.5,.75,.90,.95,.99])

NameError: name 'data' is not defined

Method to remove outliers.
def remove_outliers(x,y):
    q1 = x[y].quantile(0.25)
    q3 = x[y].quantile(0.75)
    value = q3-q1
    lower_value  = q1-1.5*value
    higer_value = q3+1.5*value
    out= x[(x[y]<higer_value) & (x[y]>lower_value)]
    return out
#Checking the shape of the dataframe
data.shape
---------------------------------------------------------------------------
NameError                                 Traceback (most recent call last)
Cell In[5], line 2
      1 #Checking the shape of the dataframe
----> 2 data.shape

NameError: name 'data' is not defined

# since, it is clear that there are multiple columns with high nulls, lets group them together
data.columns[data.isnull().any()] 
​
null = data.isnull().sum()/len(data)*100
null = null[null>0]
null.sort_values(inplace=True, ascending=False)
null
---------------------------------------------------------------------------
NameError                                 Traceback (most recent call last)
Cell In[6], line 2
      1 # since, it is clear that there are multiple columns with high nulls, lets group them together
----> 2 data.columns[data.isnull().any()] 
      4 null = data.isnull().sum()/len(data)*100
      5 null = null[null>0]

NameError: name 'data' is not defined

According to the data dictionary provided, the nulls in these columns indicates the absence of facility which may affect the price
Hence, we will first impute the categorical variables with 'None'
# According to the data dictionary provided, the nulls in these columns indicates the absence of facility which may affect the price
# Hence, we will first impute the categorical variables with 'None'
null_with_meaning = ["Alley", "MasVnrType", "BsmtQual", "BsmtCond", "BsmtExposure", "BsmtFinType1", "BsmtFinType2", "FireplaceQu", "GarageType", "GarageFinish", "GarageQual", "GarageCond", "PoolQC", "Fence", "MiscFeature"]
for i in null_with_meaning:
    data[i].fillna("none", inplace=True)
---------------------------------------------------------------------------
NameError                                 Traceback (most recent call last)
Cell In[7], line 5
      3 null_with_meaning = ["Alley", "MasVnrType", "BsmtQual", "BsmtCond", "BsmtExposure", "BsmtFinType1", "BsmtFinType2", "FireplaceQu", "GarageType", "GarageFinish", "GarageQual", "GarageCond", "PoolQC", "Fence", "MiscFeature"]
      4 for i in null_with_meaning:
----> 5     data[i].fillna("none", inplace=True)

NameError: name 'data' is not defined

# Check nulls once again
​
data.columns[data.isnull().any()] 
​
null_2 = data.isnull().sum()/len(data)*100
null_2 = null_2[null_2>0]
null_2.sort_values(inplace=True, ascending=False)
null_2
---------------------------------------------------------------------------
NameError                                 Traceback (most recent call last)
Cell In[8], line 3
      1 # Check nulls once again
----> 3 data.columns[data.isnull().any()] 
      5 null_2 = data.isnull().sum()/len(data)*100
      6 null_2 = null_2[null_2>0]

NameError: name 'data' is not defined

# Will check these columns one by one
data['LotFrontage'].describe()
---------------------------------------------------------------------------
NameError                                 Traceback (most recent call last)
Cell In[9], line 2
      1 # Will check these columns one by one
----> 2 data['LotFrontage'].describe()

NameError: name 'data' is not defined

data['GarageYrBlt'].describe()
---------------------------------------------------------------------------
NameError                                 Traceback (most recent call last)
Cell In[10], line 1
----> 1 data['GarageYrBlt'].describe()

NameError: name 'data' is not defined

data['MasVnrArea'].describe()
count    1452.000000
mean      103.685262
std       181.066207
min         0.000000
25%         0.000000
50%         0.000000
75%       166.000000
max      1600.000000
Name: MasVnrArea, dtype: float64
data['Electrical'].describe()
count      1459
unique        5
top       SBrkr
freq       1334
Name: Electrical, dtype: object
# As per the data dictionary "LotFrontage" is Linear feet of street connected to property.  
# Since it is a numeric with a fair distribution, it can be imputed with similar 'Neighborhood' values
​
data['LotFrontage'] = data.groupby("Neighborhood")["LotFrontage"].transform(lambda x: x.fillna(x.median()))
data["GarageYrBlt"].fillna(data["GarageYrBlt"].median(), inplace=True)
data["MasVnrArea"].fillna(data["MasVnrArea"].median(), inplace=True)
data["Electrical"].dropna(inplace=True)
# Crosscheck the updated 'LotFrontage' column
data['LotFrontage'].describe()
count    1460.000000
mean       70.199658
std        22.431902
min        21.000000
25%        60.000000
50%        70.000000
75%        80.000000
max       313.000000
Name: LotFrontage, dtype: float64
data['GarageYrBlt'].describe()
count    1460.000000
mean     1978.589041
std        23.997022
min      1900.000000
25%      1962.000000
50%      1980.000000
75%      2001.000000
max      2010.000000
Name: GarageYrBlt, dtype: float64
data['MasVnrArea'].describe()
count    1460.000000
mean      103.117123
std       180.731373
min         0.000000
25%         0.000000
50%         0.000000
75%       164.250000
max      1600.000000
Name: MasVnrArea, dtype: float64
data['Electrical'].describe()
count      1459
unique        5
top       SBrkr
freq       1334
Name: Electrical, dtype: object
# Check the no. of rows retained
len(data.index)
len(data.index)/1460
1.0
Some EDA on the cleaned data
All numeric (float and int) variables in the dataset
data_numeric = data.select_dtypes(include=['float64', 'int64'])
data_numeric.head()
Id	MSSubClass	LotFrontage	LotArea	OverallQual	OverallCond	YearBuilt	YearRemodAdd	MasVnrArea	BsmtFinSF1	BsmtFinSF2	BsmtUnfSF	TotalBsmtSF	1stFlrSF	2ndFlrSF	LowQualFinSF	GrLivArea	BsmtFullBath	BsmtHalfBath	FullBath	HalfBath	BedroomAbvGr	KitchenAbvGr	TotRmsAbvGrd	Fireplaces	GarageYrBlt	GarageCars	GarageArea	WoodDeckSF	OpenPorchSF	EnclosedPorch	3SsnPorch	ScreenPorch	PoolArea	MiscVal	MoSold	YrSold	SalePrice
0	1	60	65.0	8450	7	5	2003	2003	196.0	706	0	150	856	856	854	0	1710	1	0	2	1	3	1	8	0	2003.0	2	548	0	61	0	0	0	0	0	2	2008	208500
1	2	20	80.0	9600	6	8	1976	1976	0.0	978	0	284	1262	1262	0	0	1262	0	1	2	0	3	1	6	1	1976.0	2	460	298	0	0	0	0	0	0	5	2007	181500
2	3	60	68.0	11250	7	5	2001	2002	162.0	486	0	434	920	920	866	0	1786	1	0	2	1	3	1	6	1	2001.0	2	608	0	42	0	0	0	0	0	9	2008	223500
3	4	70	60.0	9550	7	5	1915	1970	0.0	216	0	540	756	961	756	0	1717	1	0	1	0	3	1	7	1	1998.0	3	642	0	35	272	0	0	0	0	2	2006	140000
4	5	60	84.0	14260	8	5	2000	2000	350.0	655	0	490	1145	1145	1053	0	2198	1	0	2	1	4	1	9	1	2000.0	3	836	192	84	0	0	0	0	0	12	2008	250000
# Dropping ID Column
data_numeric = data_numeric.drop(['Id'], axis=1)
data_numeric.head()
MSSubClass	LotFrontage	LotArea	OverallQual	OverallCond	YearBuilt	YearRemodAdd	MasVnrArea	BsmtFinSF1	BsmtFinSF2	BsmtUnfSF	TotalBsmtSF	1stFlrSF	2ndFlrSF	LowQualFinSF	GrLivArea	BsmtFullBath	BsmtHalfBath	FullBath	HalfBath	BedroomAbvGr	KitchenAbvGr	TotRmsAbvGrd	Fireplaces	GarageYrBlt	GarageCars	GarageArea	WoodDeckSF	OpenPorchSF	EnclosedPorch	3SsnPorch	ScreenPorch	PoolArea	MiscVal	MoSold	YrSold	SalePrice
0	60	65.0	8450	7	5	2003	2003	196.0	706	0	150	856	856	854	0	1710	1	0	2	1	3	1	8	0	2003.0	2	548	0	61	0	0	0	0	0	2	2008	208500
1	20	80.0	9600	6	8	1976	1976	0.0	978	0	284	1262	1262	0	0	1262	0	1	2	0	3	1	6	1	1976.0	2	460	298	0	0	0	0	0	0	5	2007	181500
2	60	68.0	11250	7	5	2001	2002	162.0	486	0	434	920	920	866	0	1786	1	0	2	1	3	1	6	1	2001.0	2	608	0	42	0	0	0	0	0	9	2008	223500
3	70	60.0	9550	7	5	1915	1970	0.0	216	0	540	756	961	756	0	1717	1	0	1	0	3	1	7	1	1998.0	3	642	0	35	272	0	0	0	0	2	2006	140000
4	60	84.0	14260	8	5	2000	2000	350.0	655	0	490	1145	1145	1053	0	2198	1	0	2	1	4	1	9	1	2000.0	3	836	192	84	0	0	0	0	0	12	2008	250000
Target variable 'sale Price' vs a few select columns
# plot 'Sale Price' with respect to 'Neighborhood'
​
plt.figure(figsize=(20, 8))
sns.barplot(x="Neighborhood", y="SalePrice", data= data)
plt.title("Sales Price with respect to Neighbourhood")
plt.xticks(rotation=90)
(array([ 0,  1,  2,  3,  4,  5,  6,  7,  8,  9, 10, 11, 12, 13, 14, 15, 16,
        17, 18, 19, 20, 21, 22, 23, 24]),
 <a list of 25 Text xticklabel objects>)

Properties in some of the Neighborhoods are high priced.
# plot 'overall condition' with respect to 'Saleprice'
​
plt.figure(figsize=(20, 8))
sns.barplot(x="OverallCond", y="SalePrice", data= data)
plt.title("Sales Price with respect to Overall Condition")
plt.xticks(rotation=90)
(array([0, 1, 2, 3, 4, 5, 6, 7, 8]), <a list of 9 Text xticklabel objects>)

# plot 'overall quality' with respect to 'Saleprice'
​
plt.figure(figsize=(20, 8))
sns.barplot(x="OverallQual", y="SalePrice", data= data)
plt.title("Sales Price with respect to Overall Quality")
plt.xticks(rotation=90)
(array([0, 1, 2, 3, 4, 5, 6, 7, 8, 9]), <a list of 10 Text xticklabel objects>)

Increase in the overall quality has a direct positive effect on the sale price
sns.distplot(data['SalePrice'])
<matplotlib.axes._subplots.AxesSubplot at 0x1b94171e7b8>

data_raw = data.copy
Since the Saleprice figures are skewed towards left, we will apply the log transformation to obtain a centralized data
#Log Transformation
data['SalePrice']=np.log1p(data['SalePrice'])
sns.distplot(data['SalePrice'])
<matplotlib.axes._subplots.AxesSubplot at 0x1b9413cbe10>

# correlation matrix
cor = data_numeric.corr()
cor
MSSubClass	LotFrontage	LotArea	OverallQual	OverallCond	YearBuilt	YearRemodAdd	MasVnrArea	BsmtFinSF1	BsmtFinSF2	BsmtUnfSF	TotalBsmtSF	1stFlrSF	2ndFlrSF	LowQualFinSF	GrLivArea	BsmtFullBath	BsmtHalfBath	FullBath	HalfBath	BedroomAbvGr	KitchenAbvGr	TotRmsAbvGrd	Fireplaces	GarageYrBlt	GarageCars	GarageArea	WoodDeckSF	OpenPorchSF	EnclosedPorch	3SsnPorch	ScreenPorch	PoolArea	MiscVal	MoSold	YrSold	SalePrice
MSSubClass	1.000000	-0.370367	-0.139781	0.032628	-0.059316	0.027850	0.040581	0.023573	-0.069836	-0.065649	-0.140759	-0.238518	-0.251758	0.307886	0.046474	0.074853	0.003491	-0.002333	0.131608	0.177354	-0.023438	0.281721	0.040380	-0.045569	0.081396	-0.040110	-0.098672	-0.012579	-0.006100	-0.012037	-0.043825	-0.026030	0.008283	-0.007683	-0.013585	-0.021407	-0.084284
LotFrontage	-0.370367	1.000000	0.335957	0.239546	-0.043595	0.120999	0.084550	0.195830	0.232576	0.052237	0.119174	0.381038	0.434109	0.075686	0.031873	0.385190	0.107226	0.006620	0.186561	0.054190	0.245232	-0.005627	0.332619	0.249295	0.062380	0.281393	0.339085	0.088736	0.141734	0.008057	0.064654	0.041063	0.174567	0.005332	0.007370	0.004756	0.349876
LotArea	-0.139781	0.335957	1.000000	0.105806	-0.005636	0.014228	0.013788	0.103321	0.214103	0.111170	-0.002618	0.260833	0.299475	0.050986	0.004779	0.263116	0.158155	0.048046	0.126031	0.014259	0.119690	-0.017784	0.190015	0.271364	-0.025865	0.154871	0.180403	0.171698	0.084774	-0.018340	0.020423	0.043160	0.077672	0.038068	0.001205	-0.014261	0.263843
OverallQual	0.032628	0.239546	0.105806	1.000000	-0.091932	0.572323	0.550684	0.407252	0.239666	-0.059119	0.308159	0.537808	0.476224	0.295493	-0.030429	0.593007	0.111098	-0.040150	0.550600	0.273458	0.101676	-0.183882	0.427452	0.396765	0.514231	0.600671	0.562022	0.238923	0.308819	-0.113937	0.030371	0.064886	0.065166	-0.031406	0.070815	-0.027347	0.790982
OverallCond	-0.059316	-0.043595	-0.005636	-0.091932	1.000000	-0.375983	0.073741	-0.125694	-0.046231	0.040229	-0.136841	-0.171098	-0.144203	0.028942	0.025494	-0.079686	-0.054942	0.117821	-0.194149	-0.060769	0.012980	-0.087001	-0.057583	-0.023820	-0.306276	-0.185758	-0.151521	-0.003334	-0.032589	0.070356	0.025504	0.054811	-0.001985	0.068777	-0.003511	0.043950	-0.077856
YearBuilt	0.027850	0.120999	0.014228	0.572323	-0.375983	1.000000	0.592855	0.311600	0.249503	-0.049107	0.149040	0.391452	0.281986	0.010308	-0.183784	0.199010	0.187599	-0.038162	0.468271	0.242656	-0.070651	-0.174800	0.095589	0.147716	0.777182	0.537850	0.478954	0.224880	0.188686	-0.387268	0.031355	-0.050364	0.004950	-0.034383	0.012398	-0.013618	0.522897
YearRemodAdd	0.040581	0.084550	0.013788	0.550684	0.073741	0.592855	1.000000	0.176529	0.128451	-0.067759	0.181133	0.291066	0.240379	0.140024	-0.062419	0.287389	0.119470	-0.012337	0.439046	0.183331	-0.040581	-0.149598	0.191740	0.112581	0.616444	0.420622	0.371600	0.205726	0.226298	-0.193919	0.045286	-0.038740	0.005829	-0.010286	0.021490	0.035743	0.507101
MasVnrArea	0.023573	0.195830	0.103321	0.407252	-0.125694	0.311600	0.176529	1.000000	0.261256	-0.071330	0.113862	0.360067	0.339850	0.173800	-0.068628	0.388052	0.083010	0.027403	0.272999	0.199108	0.102775	-0.038450	0.279568	0.247015	0.244444	0.361945	0.370884	0.159991	0.122528	-0.109907	0.019144	0.062248	0.011928	-0.029512	-0.006723	-0.008317	0.472614
BsmtFinSF1	-0.069836	0.232576	0.214103	0.239666	-0.046231	0.249503	0.128451	0.261256	1.000000	-0.050117	-0.495251	0.522396	0.445863	-0.137079	-0.064503	0.208171	0.649212	0.067418	0.058543	0.004262	-0.107355	-0.081007	0.044316	0.260011	0.148782	0.224054	0.296970	0.204306	0.111761	-0.102303	0.026451	0.062021	0.140491	0.003571	-0.015727	0.014359	0.386420
BsmtFinSF2	-0.065649	0.052237	0.111170	-0.059119	0.040229	-0.049107	-0.067759	-0.071330	-0.050117	1.000000	-0.209294	0.104810	0.097117	-0.099260	0.014807	-0.009640	0.158678	0.070948	-0.076444	-0.032148	-0.015728	-0.040751	-0.035227	0.046921	-0.087684	-0.038264	-0.018227	0.067898	0.003093	0.036543	-0.029993	0.088871	0.041709	0.004940	-0.015211	0.031706	-0.011378
BsmtUnfSF	-0.140759	0.119174	-0.002618	0.308159	-0.136841	0.149040	0.181133	0.113862	-0.495251	-0.209294	1.000000	0.415360	0.317987	0.004469	0.028167	0.240257	-0.422900	-0.095804	0.288886	-0.041118	0.166643	0.030086	0.250647	0.051575	0.185610	0.214175	0.183303	-0.005316	0.129005	-0.002538	0.020764	-0.012579	-0.035092	-0.023837	0.034888	-0.041258	0.214479
TotalBsmtSF	-0.238518	0.381038	0.260833	0.537808	-0.171098	0.391452	0.291066	0.360067	0.522396	0.104810	0.415360	1.000000	0.819530	-0.174512	-0.033245	0.454868	0.307351	-0.000315	0.323722	-0.048804	0.050450	-0.068901	0.285573	0.339519	0.309386	0.434585	0.486665	0.232019	0.247264	-0.095478	0.037384	0.084489	0.126053	-0.018479	0.013196	-0.014969	0.613581
1stFlrSF	-0.251758	0.434109	0.299475	0.476224	-0.144203	0.281986	0.240379	0.339850	0.445863	0.097117	0.317987	0.819530	1.000000	-0.202646	-0.014241	0.566024	0.244671	0.001956	0.380637	-0.119916	0.127401	0.068101	0.409516	0.410531	0.224897	0.439317	0.489782	0.235459	0.211671	-0.065292	0.056104	0.088758	0.131525	-0.021096	0.031372	-0.013604	0.605852
2ndFlrSF	0.307886	0.075686	0.050986	0.295493	0.028942	0.010308	0.140024	0.173800	-0.137079	-0.099260	0.004469	-0.174512	-0.202646	1.000000	0.063353	0.687501	-0.169494	-0.023855	0.421378	0.609707	0.502901	0.059306	0.616423	0.194561	0.068441	0.183926	0.138347	0.092165	0.208026	0.061989	-0.024358	0.040606	0.081487	0.016197	0.035164	-0.028700	0.319334
LowQualFinSF	0.046474	0.031873	0.004779	-0.030429	0.025494	-0.183784	-0.062419	-0.068628	-0.064503	0.014807	0.028167	-0.033245	-0.014241	0.063353	1.000000	0.134683	-0.047143	-0.005842	-0.000710	-0.027080	0.105607	0.007522	0.131185	-0.021272	-0.027095	-0.094480	-0.067601	-0.025444	0.018251	0.061081	-0.004296	0.026799	0.062157	-0.003793	-0.022174	-0.028921	-0.025606
GrLivArea	0.074853	0.385190	0.263116	0.593007	-0.079686	0.199010	0.287389	0.388052	0.208171	-0.009640	0.240257	0.454868	0.566024	0.687501	0.134683	1.000000	0.034836	-0.018918	0.630012	0.415772	0.521270	0.100063	0.825489	0.461679	0.219801	0.467247	0.468997	0.247433	0.330224	0.009113	0.020643	0.101510	0.170205	-0.002416	0.050240	-0.036526	0.708624
BsmtFullBath	0.003491	0.107226	0.158155	0.111098	-0.054942	0.187599	0.119470	0.083010	0.649212	0.158678	-0.422900	0.307351	0.244671	-0.169494	-0.047143	0.034836	1.000000	-0.147871	-0.064512	-0.030905	-0.150673	-0.041503	-0.053275	0.137928	0.119287	0.131881	0.179189	0.175315	0.067341	-0.049911	-0.000106	0.023148	0.067616	-0.023047	-0.025361	0.067049	0.227122
BsmtHalfBath	-0.002333	0.006620	0.048046	-0.040150	0.117821	-0.038162	-0.012337	0.027403	0.067418	0.070948	-0.095804	-0.000315	0.001956	-0.023855	-0.005842	-0.018918	-0.147871	1.000000	-0.054536	-0.012340	0.046519	-0.037944	-0.023836	0.028976	-0.075424	-0.020891	-0.024536	0.040161	-0.025324	-0.008555	0.035114	0.032121	0.020025	-0.007367	0.032873	-0.046524	-0.016844
FullBath	0.131608	0.186561	0.126031	0.550600	-0.194149	0.468271	0.439046	0.272999	0.058543	-0.076444	0.288886	0.323722	0.380637	0.421378	-0.000710	0.630012	-0.064512	-0.054536	1.000000	0.136381	0.363252	0.133115	0.554784	0.243671	0.466809	0.469672	0.405656	0.187703	0.259977	-0.115093	0.035353	-0.008106	0.049604	-0.014290	0.055872	-0.019669	0.560664
HalfBath	0.177354	0.054190	0.014259	0.273458	-0.060769	0.242656	0.183331	0.199108	0.004262	-0.032148	-0.041118	-0.048804	-0.119916	0.609707	-0.027080	0.415772	-0.030905	-0.012340	0.136381	1.000000	0.226651	-0.068263	0.343415	0.203649	0.189513	0.219178	0.163549	0.108080	0.199740	-0.095317	-0.004972	0.072426	0.022381	0.001290	-0.009050	-0.010269	0.284108
BedroomAbvGr	-0.023438	0.245232	0.119690	0.101676	0.012980	-0.070651	-0.040581	0.102775	-0.107355	-0.015728	0.166643	0.050450	0.127401	0.502901	0.105607	0.521270	-0.150673	0.046519	0.363252	0.226651	1.000000	0.198597	0.676620	0.107570	-0.060155	0.086106	0.065253	0.046854	0.093810	0.041570	-0.024478	0.044300	0.070703	0.007767	0.046544	-0.036014	0.168213
KitchenAbvGr	0.281721	-0.005627	-0.017784	-0.183882	-0.087001	-0.174800	-0.149598	-0.038450	-0.081007	-0.040751	0.030086	-0.068901	0.068101	0.059306	0.007522	0.100063	-0.041503	-0.037944	0.133115	-0.068263	0.198597	1.000000	0.256045	-0.123936	-0.105394	-0.050634	-0.064433	-0.090130	-0.070091	0.037312	-0.024600	-0.051613	-0.014525	0.062341	0.026589	0.031687	-0.135907
TotRmsAbvGrd	0.040380	0.332619	0.190015	0.427452	-0.057583	0.095589	0.191740	0.279568	0.044316	-0.035227	0.250647	0.285573	0.409516	0.616423	0.131185	0.825489	-0.053275	-0.023836	0.554784	0.343415	0.676620	0.256045	1.000000	0.326114	0.139519	0.362289	0.337822	0.165984	0.234192	0.004151	-0.006683	0.059383	0.083757	0.024763	0.036907	-0.034516	0.533723
Fireplaces	-0.045569	0.249295	0.271364	0.396765	-0.023820	0.147716	0.112581	0.247015	0.260011	0.046921	0.051575	0.339519	0.410531	0.194561	-0.021272	0.461679	0.137928	0.028976	0.243671	0.203649	0.107570	-0.123936	0.326114	1.000000	0.042967	0.300789	0.269141	0.200019	0.169405	-0.024822	0.011257	0.184530	0.095074	0.001409	0.046357	-0.024096	0.466929
GarageYrBlt	0.081396	0.062380	-0.025865	0.514231	-0.306276	0.777182	0.616444	0.244444	0.148782	-0.087684	0.185610	0.309386	0.224897	0.068441	-0.027095	0.219801	0.119287	-0.075424	0.466809	0.189513	-0.060155	-0.105394	0.139519	0.042967	1.000000	0.474313	0.468804	0.219093	0.217921	-0.284972	0.023130	-0.076181	-0.014735	-0.031779	0.004903	-0.000829	0.466754
GarageCars	-0.040110	0.281393	0.154871	0.600671	-0.185758	0.537850	0.420622	0.361945	0.224054	-0.038264	0.214175	0.434585	0.439317	0.183926	-0.094480	0.467247	0.131881	-0.020891	0.469672	0.219178	0.086106	-0.050634	0.362289	0.300789	0.474313	1.000000	0.882475	0.226342	0.213569	-0.151434	0.035765	0.050494	0.020934	-0.043080	0.040522	-0.039117	0.640409
GarageArea	-0.098672	0.339085	0.180403	0.562022	-0.151521	0.478954	0.371600	0.370884	0.296970	-0.018227	0.183303	0.486665	0.489782	0.138347	-0.067601	0.468997	0.179189	-0.024536	0.405656	0.163549	0.065253	-0.064433	0.337822	0.269141	0.468804	0.882475	1.000000	0.224666	0.241435	-0.121777	0.035087	0.051412	0.061047	-0.027400	0.027974	-0.027378	0.623431
WoodDeckSF	-0.012579	0.088736	0.171698	0.238923	-0.003334	0.224880	0.205726	0.159991	0.204306	0.067898	-0.005316	0.232019	0.235459	0.092165	-0.025444	0.247433	0.175315	0.040161	0.187703	0.108080	0.046854	-0.090130	0.165984	0.200019	0.219093	0.226342	0.224666	1.000000	0.058661	-0.125989	-0.032771	-0.074181	0.073378	-0.009551	0.021011	0.022270	0.324413
OpenPorchSF	-0.006100	0.141734	0.084774	0.308819	-0.032589	0.188686	0.226298	0.122528	0.111761	0.003093	0.129005	0.247264	0.211671	0.208026	0.018251	0.330224	0.067341	-0.025324	0.259977	0.199740	0.093810	-0.070091	0.234192	0.169405	0.217921	0.213569	0.241435	0.058661	1.000000	-0.093079	-0.005842	0.074304	0.060762	-0.018584	0.071255	-0.057619	0.315856
EnclosedPorch	-0.012037	0.008057	-0.018340	-0.113937	0.070356	-0.387268	-0.193919	-0.109907	-0.102303	0.036543	-0.002538	-0.095478	-0.065292	0.061989	0.061081	0.009113	-0.049911	-0.008555	-0.115093	-0.095317	0.041570	0.037312	0.004151	-0.024822	-0.284972	-0.151434	-0.121777	-0.125989	-0.093079	1.000000	-0.037305	-0.082864	0.054203	0.018361	-0.028887	-0.009916	-0.128578
3SsnPorch	-0.043825	0.064654	0.020423	0.030371	0.025504	0.031355	0.045286	0.019144	0.026451	-0.029993	0.020764	0.037384	0.056104	-0.024358	-0.004296	0.020643	-0.000106	0.035114	0.035353	-0.004972	-0.024478	-0.024600	-0.006683	0.011257	0.023130	0.035765	0.035087	-0.032771	-0.005842	-0.037305	1.000000	-0.031436	-0.007992	0.000354	0.029474	0.018645	0.044584
ScreenPorch	-0.026030	0.041063	0.043160	0.064886	0.054811	-0.050364	-0.038740	0.062248	0.062021	0.088871	-0.012579	0.084489	0.088758	0.040606	0.026799	0.101510	0.023148	0.032121	-0.008106	0.072426	0.044300	-0.051613	0.059383	0.184530	-0.076181	0.050494	0.051412	-0.074181	0.074304	-0.082864	-0.031436	1.000000	0.051307	0.031946	0.023217	0.010694	0.111447
PoolArea	0.008283	0.174567	0.077672	0.065166	-0.001985	0.004950	0.005829	0.011928	0.140491	0.041709	-0.035092	0.126053	0.131525	0.081487	0.062157	0.170205	0.067616	0.020025	0.049604	0.022381	0.070703	-0.014525	0.083757	0.095074	-0.014735	0.020934	0.061047	0.073378	0.060762	0.054203	-0.007992	0.051307	1.000000	0.029669	-0.033737	-0.059689	0.092404
MiscVal	-0.007683	0.005332	0.038068	-0.031406	0.068777	-0.034383	-0.010286	-0.029512	0.003571	0.004940	-0.023837	-0.018479	-0.021096	0.016197	-0.003793	-0.002416	-0.023047	-0.007367	-0.014290	0.001290	0.007767	0.062341	0.024763	0.001409	-0.031779	-0.043080	-0.027400	-0.009551	-0.018584	0.018361	0.000354	0.031946	0.029669	1.000000	-0.006495	0.004906	-0.021190
MoSold	-0.013585	0.007370	0.001205	0.070815	-0.003511	0.012398	0.021490	-0.006723	-0.015727	-0.015211	0.034888	0.013196	0.031372	0.035164	-0.022174	0.050240	-0.025361	0.032873	0.055872	-0.009050	0.046544	0.026589	0.036907	0.046357	0.004903	0.040522	0.027974	0.021011	0.071255	-0.028887	0.029474	0.023217	-0.033737	-0.006495	1.000000	-0.145721	0.046432
YrSold	-0.021407	0.004756	-0.014261	-0.027347	0.043950	-0.013618	0.035743	-0.008317	0.014359	0.031706	-0.041258	-0.014969	-0.013604	-0.028700	-0.028921	-0.036526	0.067049	-0.046524	-0.019669	-0.010269	-0.036014	0.031687	-0.034516	-0.024096	-0.000829	-0.039117	-0.027378	0.022270	-0.057619	-0.009916	0.018645	0.010694	-0.059689	0.004906	-0.145721	1.000000	-0.028923
SalePrice	-0.084284	0.349876	0.263843	0.790982	-0.077856	0.522897	0.507101	0.472614	0.386420	-0.011378	0.214479	0.613581	0.605852	0.319334	-0.025606	0.708624	0.227122	-0.016844	0.560664	0.284108	0.168213	-0.135907	0.533723	0.466929	0.466754	0.640409	0.623431	0.324413	0.315856	-0.128578	0.044584	0.111447	0.092404	-0.021190	0.046432	-0.028923	1.000000
# plotting correlations on a heatmap
​
# figure size
plt.figure(figsize=(30,20))
​
# heatmap
sns.heatmap(cor, cmap="YlGnBu", annot=True)
plt.show()

We can see that some of the variables are correlated
Before dropping these columns, we will first check their predictive power
# Checking the same with a pairplot 
sns.set()
cols = ['SalePrice', 'GrLivArea', 'GarageCars', 'BsmtUnfSF', 'BsmtFinSF1', 'GarageArea', 'TotalBsmtSF', 'YearBuilt', 'TotRmsAbvGrd', 'GarageYrBlt']
sns.pairplot(data[cols], size = 2.5)
plt.show()

Drop columns that are correlated and not contributing to 'SalePrice'
data = data.drop(['GarageCars'], axis = 1)
data = data.drop(['BsmtUnfSF'], axis = 1)
data = data.drop(['TotRmsAbvGrd'], axis = 1)
data = data.drop(['GarageYrBlt'], axis = 1)    
​
data.head()
Id	MSSubClass	MSZoning	LotFrontage	LotArea	Street	Alley	LotShape	LandContour	Utilities	LotConfig	LandSlope	Neighborhood	Condition1	Condition2	BldgType	HouseStyle	OverallQual	OverallCond	YearBuilt	YearRemodAdd	RoofStyle	RoofMatl	Exterior1st	Exterior2nd	MasVnrType	MasVnrArea	ExterQual	ExterCond	Foundation	BsmtQual	BsmtCond	BsmtExposure	BsmtFinType1	BsmtFinSF1	BsmtFinType2	BsmtFinSF2	TotalBsmtSF	Heating	HeatingQC	CentralAir	Electrical	1stFlrSF	2ndFlrSF	LowQualFinSF	GrLivArea	BsmtFullBath	BsmtHalfBath	FullBath	HalfBath	BedroomAbvGr	KitchenAbvGr	KitchenQual	Functional	Fireplaces	FireplaceQu	GarageType	GarageFinish	GarageArea	GarageQual	GarageCond	PavedDrive	WoodDeckSF	OpenPorchSF	EnclosedPorch	3SsnPorch	ScreenPorch	PoolArea	PoolQC	Fence	MiscFeature	MiscVal	MoSold	YrSold	SaleType	SaleCondition	SalePrice
0	1	60	RL	65.0	8450	Pave	none	Reg	Lvl	AllPub	Inside	Gtl	CollgCr	Norm	Norm	1Fam	2Story	7	5	2003	2003	Gable	CompShg	VinylSd	VinylSd	BrkFace	196.0	Gd	TA	PConc	Gd	TA	No	GLQ	706	Unf	0	856	GasA	Ex	Y	SBrkr	856	854	0	1710	1	0	2	1	3	1	Gd	Typ	0	none	Attchd	RFn	548	TA	TA	Y	0	61	0	0	0	0	none	none	none	0	2	2008	WD	Normal	12.247699
1	2	20	RL	80.0	9600	Pave	none	Reg	Lvl	AllPub	FR2	Gtl	Veenker	Feedr	Norm	1Fam	1Story	6	8	1976	1976	Gable	CompShg	MetalSd	MetalSd	None	0.0	TA	TA	CBlock	Gd	TA	Gd	ALQ	978	Unf	0	1262	GasA	Ex	Y	SBrkr	1262	0	0	1262	0	1	2	0	3	1	TA	Typ	1	TA	Attchd	RFn	460	TA	TA	Y	298	0	0	0	0	0	none	none	none	0	5	2007	WD	Normal	12.109016
2	3	60	RL	68.0	11250	Pave	none	IR1	Lvl	AllPub	Inside	Gtl	CollgCr	Norm	Norm	1Fam	2Story	7	5	2001	2002	Gable	CompShg	VinylSd	VinylSd	BrkFace	162.0	Gd	TA	PConc	Gd	TA	Mn	GLQ	486	Unf	0	920	GasA	Ex	Y	SBrkr	920	866	0	1786	1	0	2	1	3	1	Gd	Typ	1	TA	Attchd	RFn	608	TA	TA	Y	0	42	0	0	0	0	none	none	none	0	9	2008	WD	Normal	12.317171
3	4	70	RL	60.0	9550	Pave	none	IR1	Lvl	AllPub	Corner	Gtl	Crawfor	Norm	Norm	1Fam	2Story	7	5	1915	1970	Gable	CompShg	Wd Sdng	Wd Shng	None	0.0	TA	TA	BrkTil	TA	Gd	No	ALQ	216	Unf	0	756	GasA	Gd	Y	SBrkr	961	756	0	1717	1	0	1	0	3	1	Gd	Typ	1	Gd	Detchd	Unf	642	TA	TA	Y	0	35	272	0	0	0	none	none	none	0	2	2006	WD	Abnorml	11.849405
4	5	60	RL	84.0	14260	Pave	none	IR1	Lvl	AllPub	FR2	Gtl	NoRidge	Norm	Norm	1Fam	2Story	8	5	2000	2000	Gable	CompShg	VinylSd	VinylSd	BrkFace	350.0	Gd	TA	PConc	Gd	TA	Av	GLQ	655	Unf	0	1145	GasA	Ex	Y	SBrkr	1145	1053	0	2198	1	0	2	1	4	1	Gd	Typ	1	TA	Attchd	RFn	836	TA	TA	Y	192	84	0	0	0	0	none	none	none	0	12	2008	WD	Normal	12.429220
#Numeric columns
data.select_dtypes(exclude=['object'])
Id	MSSubClass	LotFrontage	LotArea	OverallQual	OverallCond	YearBuilt	YearRemodAdd	MasVnrArea	BsmtFinSF1	BsmtFinSF2	TotalBsmtSF	1stFlrSF	2ndFlrSF	LowQualFinSF	GrLivArea	BsmtFullBath	BsmtHalfBath	FullBath	HalfBath	BedroomAbvGr	KitchenAbvGr	Fireplaces	GarageArea	WoodDeckSF	OpenPorchSF	EnclosedPorch	3SsnPorch	ScreenPorch	PoolArea	MiscVal	MoSold	YrSold	SalePrice
0	1	60	65.0	8450	7	5	2003	2003	196.0	706	0	856	856	854	0	1710	1	0	2	1	3	1	0	548	0	61	0	0	0	0	0	2	2008	12.247699
1	2	20	80.0	9600	6	8	1976	1976	0.0	978	0	1262	1262	0	0	1262	0	1	2	0	3	1	1	460	298	0	0	0	0	0	0	5	2007	12.109016
2	3	60	68.0	11250	7	5	2001	2002	162.0	486	0	920	920	866	0	1786	1	0	2	1	3	1	1	608	0	42	0	0	0	0	0	9	2008	12.317171
3	4	70	60.0	9550	7	5	1915	1970	0.0	216	0	756	961	756	0	1717	1	0	1	0	3	1	1	642	0	35	272	0	0	0	0	2	2006	11.849405
4	5	60	84.0	14260	8	5	2000	2000	350.0	655	0	1145	1145	1053	0	2198	1	0	2	1	4	1	1	836	192	84	0	0	0	0	0	12	2008	12.429220
5	6	50	85.0	14115	5	5	1993	1995	0.0	732	0	796	796	566	0	1362	1	0	1	1	1	1	0	480	40	30	0	320	0	0	700	10	2009	11.870607
6	7	20	75.0	10084	8	5	2004	2005	186.0	1369	0	1686	1694	0	0	1694	1	0	2	0	3	1	1	636	255	57	0	0	0	0	0	8	2007	12.634606
7	8	60	80.0	10382	7	6	1973	1973	240.0	859	32	1107	1107	983	0	2090	1	0	2	1	3	1	2	484	235	204	228	0	0	0	350	11	2009	12.206078
8	9	50	51.0	6120	7	5	1931	1950	0.0	0	0	952	1022	752	0	1774	0	0	2	0	2	2	2	468	90	0	205	0	0	0	0	4	2008	11.774528
9	10	190	50.0	7420	5	6	1939	1950	0.0	851	0	991	1077	0	0	1077	1	0	1	0	2	2	2	205	0	4	0	0	0	0	0	1	2008	11.678448
10	11	20	70.0	11200	5	5	1965	1965	0.0	906	0	1040	1040	0	0	1040	1	0	1	0	3	1	0	384	0	0	0	0	0	0	0	2	2008	11.771444
11	12	60	85.0	11924	9	5	2005	2006	286.0	998	0	1175	1182	1142	0	2324	1	0	3	0	4	1	2	736	147	21	0	0	0	0	0	7	2006	12.751303
12	13	20	71.0	12968	5	6	1962	1962	0.0	737	0	912	912	0	0	912	1	0	1	0	2	1	0	352	140	0	0	0	176	0	0	9	2008	11.877576
13	14	20	91.0	10652	7	5	2006	2007	306.0	0	0	1494	1494	0	0	1494	0	0	2	0	3	1	1	840	160	33	0	0	0	0	0	8	2007	12.540761
14	15	20	73.0	10920	6	5	1960	1960	212.0	733	0	1253	1253	0	0	1253	1	0	1	1	2	1	1	352	0	213	176	0	0	0	0	5	2008	11.964007
15	16	45	51.0	6120	7	8	1929	2001	0.0	0	0	832	854	0	0	854	0	0	1	0	2	1	0	576	48	112	0	0	0	0	0	7	2007	11.790565
16	17	20	73.0	11241	6	7	1970	1970	180.0	578	0	1004	1004	0	0	1004	1	0	1	0	2	1	1	480	0	0	0	0	0	0	700	3	2010	11.911708
17	18	90	72.0	10791	4	5	1967	1967	0.0	0	0	0	1296	0	0	1296	0	0	2	0	2	2	0	516	0	0	0	0	0	0	500	10	2006	11.407576
18	19	20	66.0	13695	5	5	2004	2004	0.0	646	0	1114	1114	0	0	1114	1	0	1	1	3	1	0	576	0	102	0	0	0	0	0	6	2008	11.976666
19	20	20	70.0	7560	5	6	1958	1965	0.0	504	0	1029	1339	0	0	1339	0	0	1	0	3	1	0	294	0	0	0	0	0	0	0	5	2009	11.842236
20	21	60	101.0	14215	8	5	2005	2006	380.0	0	0	1158	1158	1218	0	2376	0	0	3	1	4	1	1	853	240	154	0	0	0	0	0	11	2006	12.692506
21	22	45	57.0	7449	7	7	1930	1950	0.0	0	0	637	1108	0	0	1108	0	0	1	0	3	1	1	280	0	0	205	0	0	0	0	6	2007	11.845110
22	23	20	75.0	9742	8	5	2002	2002	281.0	0	0	1777	1795	0	0	1795	0	0	2	0	3	1	1	534	171	159	0	0	0	0	0	9	2008	12.345839
23	24	120	44.0	4224	5	7	1976	1976	0.0	840	0	1040	1060	0	0	1060	1	0	1	0	3	1	1	572	100	110	0	0	0	0	0	6	2007	11.774528
24	25	20	71.0	8246	5	8	1968	2001	0.0	188	668	1060	1060	0	0	1060	1	0	1	0	3	1	1	270	406	90	0	0	0	0	0	5	2010	11.944714
25	26	20	110.0	14230	8	5	2007	2007	640.0	0	0	1566	1600	0	0	1600	0	0	2	0	3	1	1	890	0	56	0	0	0	0	0	7	2009	12.454108
26	27	20	60.0	7200	5	7	1951	2000	0.0	234	486	900	900	0	0	900	0	1	1	0	3	1	0	576	222	32	0	0	0	0	0	5	2010	11.811555
27	28	20	98.0	11478	8	5	2007	2008	200.0	1218	0	1704	1704	0	0	1704	1	0	2	0	3	1	1	772	0	50	0	0	0	0	0	5	2010	12.631344
28	29	20	47.0	16321	5	6	1957	1997	0.0	1277	0	1484	1600	0	0	1600	1	0	1	0	2	1	2	319	288	258	0	0	0	0	0	12	2006	12.242891
29	30	30	60.0	6324	4	6	1927	1950	0.0	0	0	520	520	0	0	520	0	0	1	0	1	1	0	240	49	0	87	0	0	0	0	5	2008	11.134604
30	31	70	50.0	8500	4	4	1920	1950	0.0	0	0	649	649	668	0	1317	0	0	1	0	3	1	0	250	0	54	172	0	0	0	0	7	2008	10.596660
31	32	20	71.0	8544	5	6	1966	2006	0.0	0	0	1228	1228	0	0	1228	0	0	1	1	3	1	0	271	0	65	0	0	0	0	0	6	2008	11.914055
32	33	20	85.0	11049	8	5	2007	2007	0.0	0	0	1234	1234	0	0	1234	0	0	2	0	3	1	0	484	0	30	0	0	0	0	0	1	2008	12.100162
33	34	20	70.0	10552	5	5	1959	1959	0.0	1018	0	1398	1700	0	0	1700	0	1	1	1	4	1	1	447	0	38	0	0	0	0	0	4	2010	12.016733
34	35	120	60.0	7313	9	5	2005	2005	246.0	1153	0	1561	1561	0	0	1561	1	0	2	0	2	1	1	556	203	47	0	0	0	0	0	8	2007	12.533580
35	36	60	108.0	13418	8	5	2004	2005	132.0	0	0	1117	1132	1320	0	2452	0	0	3	1	4	1	1	691	113	32	0	0	0	0	0	9	2006	12.641100
36	37	20	112.0	10859	5	5	1994	1995	0.0	0	0	1097	1097	0	0	1097	0	0	1	1	3	1	0	672	392	64	0	0	0	0	0	6	2009	11.884496
37	38	20	74.0	8532	5	6	1954	1990	650.0	1213	0	1297	1297	0	0	1297	0	1	1	0	3	1	1	498	0	0	0	0	0	0	0	10	2009	11.938200
38	39	20	68.0	7922	5	7	1953	2007	0.0	731	0	1057	1057	0	0	1057	1	0	1	0	3	1	0	246	0	52	0	0	0	0	0	1	2010	11.599112
39	40	90	65.0	6040	4	5	1955	1955	0.0	0	0	0	1152	0	0	1152	0	0	2	0	2	2	0	0	0	0	0	0	0	0	0	6	2008	11.314487
40	41	20	84.0	8658	6	5	1965	1965	101.0	643	0	1088	1324	0	0	1324	0	0	2	0	3	1	1	440	0	138	0	0	0	0	0	12	2006	11.982935
41	42	20	115.0	16905	5	6	1959	1959	0.0	967	0	1350	1328	0	0	1328	0	1	1	1	2	1	2	308	0	104	0	0	0	0	0	7	2007	12.043560
42	43	85	66.5	9180	5	7	1983	1983	0.0	747	93	840	884	0	0	884	1	0	1	0	2	1	0	504	240	0	0	0	0	0	0	12	2007	11.877576
43	44	20	70.0	9200	5	6	1975	1980	0.0	280	491	938	938	0	0	938	1	0	1	0	3	1	0	308	145	0	0	0	0	0	0	7	2008	11.777219
44	45	20	70.0	7945	5	6	1959	1959	0.0	179	506	1150	1150	0	0	1150	1	0	1	0	3	1	0	300	0	0	0	0	0	0	0	5	2006	11.856522
45	46	120	61.0	7658	9	5	2005	2005	412.0	456	0	1752	1752	0	0	1752	1	0	2	0	2	1	1	576	196	82	0	0	0	0	0	2	2010	12.675767
46	47	50	48.0	12822	7	5	2003	2003	0.0	1351	0	1434	1518	631	0	2149	1	0	1	1	1	1	1	670	168	43	0	0	198	0	0	8	2009	12.387089
47	48	20	84.0	11096	8	5	2006	2006	0.0	24	0	1656	1656	0	0	1656	0	0	2	0	3	1	0	826	0	146	0	0	0	0	0	7	2007	12.428019
48	49	190	33.0	4456	4	5	1920	2008	0.0	0	0	736	736	716	0	1452	0	0	2	0	2	3	0	0	0	0	102	0	0	0	0	6	2009	11.635152
49	50	20	66.0	7742	5	7	1966	1966	0.0	763	0	955	955	0	0	955	1	0	1	0	3	1	0	386	0	0	0	0	0	0	0	1	2007	11.751950
...	...	...	...	...	...	...	...	...	...	...	...	...	...	...	...	...	...	...	...	...	...	...	...	...	...	...	...	...	...	...	...	...	...	...
1410	1411	60	79.0	12420	7	5	2001	2001	0.0	666	0	944	944	896	0	1840	1	0	2	1	3	1	0	622	0	45	0	0	0	0	0	6	2009	12.345839
1411	1412	50	80.0	9600	6	8	1950	2005	0.0	120	0	856	1112	556	0	1668	0	0	1	1	3	1	0	271	0	0	0	0	0	0	0	9	2009	11.849405
1412	1413	90	60.0	7200	4	5	1949	1950	0.0	0	0	0	1040	0	0	1040	0	0	2	0	2	2	0	420	0	0	0	0	0	0	0	6	2009	11.407576
1413	1414	20	88.0	10994	8	5	2005	2006	366.0	976	0	1844	1844	0	0	1844	1	0	2	0	2	1	1	620	165	44	0	0	0	0	0	9	2009	12.456835
1414	1415	50	64.0	13053	6	7	1923	2000	0.0	0	0	833	1053	795	0	1848	0	0	1	1	4	1	1	370	0	0	0	0	220	0	0	6	2008	12.240479
1415	1416	120	51.0	3635	7	5	2007	2007	130.0	988	0	1386	1569	0	0	1569	0	1	2	0	1	1	1	660	143	20	0	0	0	0	0	5	2009	12.077677
1416	1417	190	60.0	11340	4	6	1885	1950	0.0	0	0	777	1246	1044	0	2290	0	0	2	0	4	2	0	560	0	0	114	0	0	0	0	4	2010	11.715874
1417	1418	60	91.0	16545	8	5	1998	1998	731.0	781	0	1284	1310	1140	0	2450	1	0	2	1	3	1	1	1069	0	126	0	0	0	0	0	5	2009	12.736704
1418	1419	20	71.0	9204	5	5	1963	1963	0.0	25	872	1144	1144	0	0	1144	1	0	1	1	3	1	0	336	0	88	0	0	0	0	0	8	2008	11.728045
1419	1420	20	74.0	16381	6	5	1969	1969	312.0	1110	0	1844	1844	0	0	1844	1	0	2	0	3	1	1	540	0	73	216	0	0	0	0	12	2006	12.314932
1420	1421	60	90.0	11700	6	6	1968	1968	420.0	404	0	708	708	708	0	1416	0	0	2	1	3	1	1	776	0	169	0	0	119	0	0	5	2006	12.100162
1421	1422	120	53.0	4043	6	5	1977	1977	0.0	360	0	1069	1069	0	0	1069	0	0	2	0	2	1	1	440	0	55	0	0	165	0	0	7	2010	11.755879
1422	1423	120	37.0	4435	6	5	2003	2003	170.0	686	0	848	848	0	0	848	1	0	1	0	1	1	0	420	140	0	0	0	0	0	0	3	2008	11.824087
1423	1424	80	65.5	19690	6	7	1966	1966	0.0	0	0	697	1575	626	0	2201	0	0	2	0	4	1	1	432	586	236	0	0	0	738	0	8	2006	12.524421
1424	1425	20	73.0	9503	5	5	1958	1983	0.0	457	374	1024	1344	0	0	1344	1	0	1	0	2	1	1	484	316	28	0	0	0	0	0	6	2007	11.877576
1425	1426	20	80.0	10721	6	6	1959	1959	243.0	0	0	1252	1252	0	0	1252	0	0	1	0	3	1	0	528	0	39	0	0	0	0	0	10	2008	11.863589
1426	1427	60	81.0	10944	7	5	1994	1994	448.0	1000	0	1223	1223	904	0	2127	1	0	2	1	3	1	2	525	171	132	0	0	0	0	0	8	2008	12.509878
1427	1428	50	60.0	10930	5	6	1945	1950	0.0	580	0	913	1048	510	0	1558	1	0	1	1	3	1	1	288	0	0	0	0	0	0	0	4	2008	11.849405
1428	1429	30	60.0	7200	5	7	1940	1992	294.0	510	0	788	804	0	0	804	1	0	1	0	2	1	2	240	0	0	154	0	0	0	0	2	2010	11.686887
1429	1430	20	80.0	12546	6	7	1981	1981	310.0	678	0	1440	1440	0	0	1440	0	0	2	0	3	1	1	467	0	0	99	0	0	0	0	4	2007	12.116700
